<?xml version="1.0"?>
<opencv_storage>
<classifications type_id="opencv-matrix">
  <rows>81</rows>
  <cols>1</cols>
  <dt>i</dt>
  <data>
    56 56 56 56 56 56 56 56 56 55 55 55 55 55 55 55 55 55 54 54 54 54 54
    54 54 54 54 53 53 53 53 53 53 53 53 53 52 52 52 52 52 52 52 52 52 51
    51 51 51 51 51 51 51 51 57 57 57 57 57 57 57 57 57 50 50 50 50 50 50
    50 50 50 49 49 49 49 49 49 49 49 49</data></classifications>
</opencv_storage>
