<?xml version="1.0"?>
<opencv_storage>
<images type_id="opencv-matrix">
  <rows>81</rows>
  <cols>100</cols>
  <dt>f</dt>
  <data>
    0. 23. 76. 201. 255. 255. 255. 166. 23. 0. 23. 237. 255. 255. 48.
    255. 255. 255. 237. 23. 140. 255. 255. 76. 0. 0. 76. 255. 255. 140.
    232. 255. 255. 76. 0. 3. 94. 255. 255. 25. 8. 130. 255. 201. 179.
    186. 255. 255. 130. 8. 8. 130. 255. 201. 18. 18. 201. 255. 130. 8.
    232. 255. 255. 76. 0. 0. 76. 255. 255. 232. 255. 255. 255. 76. 0. 0.
    76. 255. 255. 255. 23. 237. 255. 255. 255. 255. 255. 255. 237. 23.
    0. 23. 76. 201. 255. 255. 255. 166. 23. 0. 0. 23. 76. 201. 255. 255.
    255. 166. 23. 0. 23. 237. 255. 255. 48. 255. 255. 255. 237. 23. 140.
    255. 255. 76. 0. 0. 76. 255. 255. 140. 232. 255. 255. 76. 0. 3. 94.
    255. 255. 25. 8. 130. 255. 201. 179. 186. 255. 255. 130. 8. 8. 130.
    255. 201. 18. 18. 201. 255. 130. 8. 232. 255. 255. 76. 0. 0. 76.
    255. 255. 232. 255. 255. 255. 76. 0. 0. 76. 255. 255. 255. 23. 237.
    255. 255. 255. 255. 255. 255. 237. 23. 0. 23. 76. 201. 255. 255.
    255. 166. 23. 0. 0. 23. 76. 201. 255. 255. 255. 166. 23. 0. 23. 237.
    255. 255. 48. 255. 255. 255. 237. 23. 140. 255. 255. 76. 0. 0. 76.
    255. 255. 140. 232. 255. 255. 76. 0. 3. 94. 255. 255. 25. 8. 130.
    255. 201. 179. 186. 255. 255. 130. 8. 8. 130. 255. 201. 18. 18. 201.
    255. 130. 8. 232. 255. 255. 76. 0. 0. 76. 255. 255. 232. 255. 255.
    255. 76. 0. 0. 76. 255. 255. 255. 23. 237. 255. 255. 255. 255. 255.
    255. 237. 23. 0. 23. 76. 201. 255. 255. 255. 166. 23. 0. 0. 23. 76.
    201. 255. 255. 255. 166. 23. 0. 23. 237. 255. 255. 48. 255. 255.
    255. 237. 23. 140. 255. 255. 76. 0. 0. 76. 255. 255. 140. 232. 255.
    255. 76. 0. 3. 94. 255. 255. 25. 8. 130. 255. 201. 179. 186. 255.
    255. 130. 8. 8. 130. 255. 201. 18. 18. 201. 255. 130. 8. 232. 255.
    255. 76. 0. 0. 76. 255. 255. 232. 255. 255. 255. 76. 0. 0. 76. 255.
    255. 255. 23. 237. 255. 255. 255. 255. 255. 255. 237. 23. 0. 23. 76.
    201. 255. 255. 255. 166. 23. 0. 0. 23. 76. 201. 255. 255. 255. 166.
    23. 0. 23. 237. 255. 255. 48. 255. 255. 255. 237. 23. 140. 255. 255.
    76. 0. 0. 76. 255. 255. 140. 232. 255. 255. 76. 0. 3. 94. 255. 255.
    25. 8. 130. 255. 201. 179. 186. 255. 255. 130. 8. 8. 130. 255. 201.
    18. 18. 201. 255. 130. 8. 232. 255. 255. 76. 0. 0. 76. 255. 255.
    232. 255. 255. 255. 76. 0. 0. 76. 255. 255. 255. 23. 237. 255. 255.
    255. 255. 255. 255. 237. 23. 0. 23. 76. 201. 255. 255. 255. 166. 23.
    0. 0. 23. 76. 201. 255. 255. 255. 166. 23. 0. 23. 237. 255. 255. 48.
    255. 255. 255. 237. 23. 140. 255. 255. 76. 0. 0. 76. 255. 255. 140.
    232. 255. 255. 76. 0. 3. 94. 255. 255. 25. 8. 130. 255. 201. 179.
    186. 255. 255. 130. 8. 8. 130. 255. 201. 18. 18. 201. 255. 130. 8.
    232. 255. 255. 76. 0. 0. 76. 255. 255. 232. 255. 255. 255. 76. 0. 0.
    76. 255. 255. 255. 23. 237. 255. 255. 255. 255. 255. 255. 237. 23.
    0. 23. 76. 201. 255. 255. 255. 166. 23. 0. 0. 23. 76. 201. 255. 255.
    255. 166. 23. 0. 23. 237. 255. 255. 48. 255. 255. 255. 237. 23. 140.
    255. 255. 76. 0. 0. 76. 255. 255. 140. 232. 255. 255. 76. 0. 3. 94.
    255. 255. 25. 8. 130. 255. 201. 179. 186. 255. 255. 130. 8. 8. 130.
    255. 201. 18. 18. 201. 255. 130. 8. 232. 255. 255. 76. 0. 0. 76.
    255. 255. 232. 255. 255. 255. 76. 0. 0. 76. 255. 255. 255. 23. 237.
    255. 255. 255. 255. 255. 255. 237. 23. 0. 23. 76. 201. 255. 255.
    255. 166. 23. 0. 0. 23. 76. 201. 255. 255. 255. 166. 23. 0. 23. 237.
    255. 255. 48. 255. 255. 255. 237. 23. 140. 255. 255. 76. 0. 0. 76.
    255. 255. 140. 232. 255. 255. 76. 0. 3. 94. 255. 255. 25. 8. 130.
    255. 201. 179. 186. 255. 255. 130. 8. 8. 130. 255. 201. 18. 18. 201.
    255. 130. 8. 232. 255. 255. 76. 0. 0. 76. 255. 255. 232. 255. 255.
    255. 76. 0. 0. 76. 255. 255. 255. 23. 237. 255. 255. 255. 255. 255.
    255. 237. 23. 0. 23. 76. 201. 255. 255. 255. 166. 23. 0. 0. 23. 76.
    201. 255. 255. 255. 166. 23. 0. 23. 237. 255. 255. 48. 255. 255.
    255. 237. 23. 140. 255. 255. 76. 0. 0. 76. 255. 255. 140. 232. 255.
    255. 76. 0. 3. 94. 255. 255. 25. 8. 130. 255. 201. 179. 186. 255.
    255. 130. 8. 8. 130. 255. 201. 18. 18. 201. 255. 130. 8. 232. 255.
    255. 76. 0. 0. 76. 255. 255. 232. 255. 255. 255. 76. 0. 0. 76. 255.
    255. 255. 23. 237. 255. 255. 255. 255. 255. 255. 237. 23. 0. 23. 76.
    201. 255. 255. 255. 166. 23. 0. 76. 76. 166. 255. 255. 69. 0. 38.
    201. 94. 255. 255. 255. 255. 255. 252. 229. 242. 255. 255. 255. 255.
    191. 128. 13. 140. 255. 255. 255. 26. 232. 247. 115. 0. 0. 25. 255.
    255. 76. 0. 8. 54. 0. 0. 0. 186. 255. 166. 23. 0. 0. 0. 0. 0. 229.
    255. 232. 89. 0. 0. 0. 0. 0. 161. 252. 255. 178. 0. 0. 0. 0. 0. 64.
    217. 255. 229. 0. 0. 0. 0. 0. 8. 140. 255. 255. 0. 0. 0. 0. 0. 0.
    23. 166. 255. 94. 0. 0. 0. 0. 0. 76. 76. 166. 255. 255. 69. 0. 38.
    201. 94. 255. 255. 255. 255. 255. 252. 229. 242. 255. 255. 255. 255.
    191. 128. 13. 140. 255. 255. 255. 26. 229. 229. 115. 0. 0. 25. 255.
    255. 76. 0. 0. 0. 0. 0. 0. 186. 255. 166. 23. 0. 0. 0. 0. 0. 229.
    255. 232. 89. 0. 0. 0. 0. 0. 161. 252. 255. 178. 0. 0. 0. 0. 0. 64.
    217. 255. 229. 0. 0. 0. 0. 0. 8. 140. 255. 255. 0. 0. 0. 0. 0. 0.
    23. 166. 255. 94. 0. 0. 0. 0. 0. 76. 76. 166. 255. 255. 69. 0. 38.
    201. 94. 255. 255. 255. 255. 255. 252. 229. 242. 255. 255. 255. 255.
    191. 128. 13. 140. 255. 255. 255. 26. 232. 247. 115. 0. 0. 25. 255.
    255. 76. 0. 8. 54. 0. 0. 0. 186. 255. 166. 23. 0. 0. 0. 0. 0. 229.
    255. 232. 89. 0. 0. 0. 0. 0. 161. 252. 255. 178. 0. 0. 0. 0. 0. 64.
    217. 255. 229. 0. 0. 0. 0. 0. 8. 140. 255. 255. 0. 0. 0. 0. 0. 0.
    23. 166. 255. 94. 0. 0. 0. 0. 0. 76. 76. 166. 255. 255. 69. 0. 38.
    201. 94. 255. 255. 255. 255. 255. 252. 229. 242. 255. 255. 255. 255.
    191. 128. 13. 140. 255. 255. 255. 26. 232. 247. 115. 0. 0. 25. 255.
    255. 76. 0. 8. 54. 0. 0. 0. 186. 255. 166. 23. 0. 0. 0. 0. 0. 229.
    255. 232. 89. 0. 0. 0. 0. 0. 161. 252. 255. 178. 0. 0. 0. 0. 0. 64.
    217. 255. 229. 0. 0. 0. 0. 0. 8. 140. 255. 255. 0. 0. 0. 0. 0. 0.
    23. 166. 255. 94. 0. 0. 0. 0. 0. 76. 76. 166. 255. 255. 69. 0. 38.
    201. 94. 255. 255. 255. 255. 255. 252. 229. 242. 255. 255. 255. 255.
    191. 128. 13. 140. 255. 255. 255. 26. 232. 247. 115. 0. 0. 25. 255.
    255. 76. 0. 8. 54. 0. 0. 0. 186. 255. 166. 23. 0. 0. 0. 0. 0. 229.
    255. 232. 89. 0. 0. 0. 0. 0. 161. 252. 255. 178. 0. 0. 0. 0. 0. 64.
    217. 255. 229. 0. 0. 0. 0. 0. 8. 140. 255. 255. 0. 0. 0. 0. 0. 0.
    23. 166. 255. 94. 0. 0. 0. 0. 0. 76. 76. 166. 255. 255. 69. 0. 38.
    201. 94. 255. 255. 255. 255. 255. 252. 229. 242. 255. 255. 255. 255.
    191. 128. 13. 140. 255. 255. 255. 26. 229. 229. 115. 0. 0. 25. 255.
    255. 76. 0. 0. 0. 0. 0. 0. 186. 255. 166. 23. 0. 0. 0. 0. 0. 229.
    255. 232. 89. 0. 0. 0. 0. 0. 161. 252. 255. 178. 0. 0. 0. 0. 0. 64.
    217. 255. 229. 0. 0. 0. 0. 0. 8. 140. 255. 255. 0. 0. 0. 0. 0. 0.
    23. 166. 255. 94. 0. 0. 0. 0. 0. 76. 76. 166. 255. 255. 69. 0. 38.
    201. 94. 255. 255. 255. 255. 255. 252. 229. 242. 255. 255. 255. 255.
    191. 128. 13. 140. 255. 255. 255. 26. 232. 247. 115. 0. 0. 25. 255.
    255. 76. 0. 8. 54. 0. 0. 0. 186. 255. 166. 23. 0. 0. 0. 0. 0. 229.
    255. 232. 89. 0. 0. 0. 0. 0. 161. 252. 255. 178. 0. 0. 0. 0. 0. 64.
    217. 255. 229. 0. 0. 0. 0. 0. 8. 140. 255. 255. 0. 0. 0. 0. 0. 0.
    23. 166. 255. 94. 0. 0. 0. 0. 0. 76. 76. 166. 255. 255. 69. 0. 38.
    201. 94. 255. 255. 255. 255. 255. 252. 229. 242. 255. 255. 255. 255.
    191. 128. 13. 140. 255. 255. 255. 26. 232. 247. 115. 0. 0. 25. 255.
    255. 76. 0. 8. 54. 0. 0. 0. 186. 255. 166. 23. 0. 0. 0. 0. 0. 229.
    255. 232. 89. 0. 0. 0. 0. 0. 161. 252. 255. 178. 0. 0. 0. 0. 0. 64.
    217. 255. 229. 0. 0. 0. 0. 0. 8. 140. 255. 255. 0. 0. 0. 0. 0. 0.
    23. 166. 255. 94. 0. 0. 0. 0. 0. 76. 76. 166. 255. 255. 69. 0. 38.
